62.00000000
61.00000000
59.00000000
43.00000000
51.00000000
50.00000000
53.00000000
55.00000000
52.00000000
51.00000000
48.00000000
48.00000000
50.00000000
45.00000000
50.00000000
58.00000000
44.00000000
46.00000000
50.00000000
50.00000000
52.00000000
45.00000000
44.00000000
52.00000000
48.00000000
46.00000000
46.00000000
46.00000000
55.00000000
45.00000000
45.00000000
44.00000000
47.00000000
44.00000000
59.00000000
48.00000000
71.00000000
45.00000000
48.00000000
61.00000000
46.00000000
48.00000000
47.00000000
47.00000000
46.00000000
53.00000000
57.00000000
53.00000000
43.00000000
50.00000000
47.00000000
44.00000000
51.00000000
58.00000000
49.00000000
49.00000000
44.00000000
49.00000000
52.00000000
47.00000000
46.00000000
46.00000000
50.00000000
47.00000000
50.00000000
44.00000000
48.00000000
47.00000000
48.00000000
50.00000000
50.00000000
49.00000000
48.00000000
51.00000000
55.00000000
45.00000000
47.00000000
47.00000000
47.00000000
50.00000000
50.00000000
47.00000000
49.00000000
47.00000000
44.00000000
55.00000000
60.00000000
48.00000000
60.00000000
44.00000000
47.00000000
58.00000000
46.00000000
54.00000000
47.00000000
46.00000000
45.00000000
52.00000000
44.00000000
51.00000000
47.00000000
56.00000000
60.00000000
46.00000000
49.00000000
53.00000000
47.00000000
51.00000000
45.00000000
45.00000000
62.00000000
45.00000000
60.00000000
44.00000000
47.00000000
52.00000000
51.00000000
53.00000000
56.00000000
48.00000000
43.00000000
54.00000000
43.00000000
53.00000000
43.00000000
50.00000000
55.00000000
52.00000000
48.00000000
44.00000000
56.00000000
50.00000000
45.00000000
45.00000000
54.00000000
50.00000000
49.00000000
46.00000000
44.00000000
43.00000000
45.00000000
46.00000000
47.00000000
43.00000000
57.00000000
47.00000000
52.00000000
49.00000000
56.00000000
47.00000000