1.03585660
0.94736844
1.01562500
1.14814818
1.06349206
1.01515150
0.98684210
0.93902439
1.03260875
0.95999998
1.00000000
0.94117647
1.00775194
1.05072463
0.99324322
0.85987264
1.04191613
1.02824855
0.97326201
0.98984772
0.92270529
1.01388884
1.01327431
1.03813565
1.00813007
0.97656250
0.99248123
1.01449275
1.03146851
1.00337839
1.00653601
1.00632906
0.97239262
1.04166663
0.91040462
1.02247190
1.06010926
1.01329792
1.00000000
1.04545450
1.01231527
0.97115386
0.97887325
1.04357803
0.98878926
1.03508770
0.91006422
0.94549268
1.02258730
1.02213275
0.99605525
0.99613154
0.95825428
0.92178774
0.98537475
0.97666067
1.01587307
1.04332757
1.04940379
1.02345061
1.01153207
1.00162077
1.03821659
0.97962385
0.97067899
1.02279639
0.97904193
0.97787613
0.98110467
0.97421205
1.03531075
0.97075206
0.99450547
0.96070462
1.04679143
1.00131929
0.98179454
1.01797175
1.02281368
0.96245307
0.96662545
1.01831508
1.02171290
0.99046487
1.00706708
1.04772997
1.06098962
1.01820254
1.06861639
1.00556171
0.97362638
1.05652177
0.98387098
0.93723404
1.01684213
1.01562500
1.00412369
0.95510203
1.00606060
1.03799999
0.97920793
0.93431371
0.91359222
1.01923072
0.97333336
1.04622638
1.01680672
1.04166663
0.98808432
1.00635791
1.07920790
0.99375558
0.91335100
1.01665211
1.01998258
0.95521104
1.03159690
1.04318368
0.93282956
1.02164865
1.00165153
0.95085996
1.00324941
0.95165187
1.00879300
1.03172088
0.94020456
1.03750002
1.02711082
1.00000000
0.93511450
0.96666664
1.00300753
0.99626589
1.04888892
1.03679180
1.02921844
1.02394772
1.01224780
1.00214744
0.99076051
1.01768029
0.98455054
1.00139761
0.92644000
0.97991687
0.96558845
0.97020096
0.93310344
0.98168790